Position
27403404
27403892
167889790
167889682
167889821
240498509
181362952
181362666
66290049
66290994
66290755
132735271
132734849
238902078
175051864
175051298
150712539
150712441
150711736
150711463
150710621
150709947
150709920
121839592
13542371
243003350
243003494
85125129
85125156
11924901
119703101
263276247
263276005
263276335
109909675
35620725
155326020
144528591
144528504

123268237
122849505
157129313
157129197
167218288
116787172
203908761
132749967
295459549
245051649
5966698
5966738
124619424
33824834
unknown
214424975
85334547
18502179
18903460
45675053
43948264
43948320
unknown
228614270
137480801
113503659
113503635
123273467
144013500
144652871
161472433
5480277
5479991
5480312
5479958
unknown
10069039
180341137
13779884
13779694
13779745
82173052
82173017
133825965
133825665
133825912
133825909
133825812
142431173
125052222
83595286
147049220
149398788
36047409
203385274
33979080
33979181
33979012
109542101
247821390
20065054
140264946
140264872
140264993
142887237
unknown
unknown
unknown
220264713
217788232
217788271
217788160
171935933
171935683
69623218
69623275
69623323
66408538
66408674
8510027
10533421
155435599
165275756
113705266
113705211
151289948
151289826
2998280
2998619
2123914
35621919
35621803
197964459
164470369
5821018
5821618
5821159
197456470
127003264
29693561
29693448
125465928
71680344
126584378
91704093
2589400
78946415
78946482
219309085
206760693
206760843
unknown
104537850
43256960
161520499
298412984
95541392
221730615
292728854
292728923
6041506
6041221
6041339
194696599
41231817
150470602
295771152
284407382
284407357
284407550
284407522
284407493
100227859
133090099
122517816
139668467
169719615
169719715
17397465
17397515
17397615
10432605
10432680
75234294
65108102
161570166

83357417
41505016
141942780
141942814
62870552
72258299
215472483
63913289
multiple
39992968
39992991
39993067
166980037
166979956
77788745
171689147
171689041
171688876
171689181
104998371
187604432
187604290
291983606
291983663
291983425
1240409
20451157
153355348
153355063
39975317
39975220
255148812
142499873
142500070
153447034
153447109
153447067
194749351
194749371
154182352

86327722
86327620
86327655
130170772
193202013
61898524
140152310
140152258
140152256
21201165
21201138
147187128
191075724
78756195
78756245
263637986
268082607
268082618
161879250
219201506
122373056
122373149
39489976
39490060
237639087
237639037
237639137
118741714
291738809
164941846
206974644
157104591
139404579
139404709
4175293
4175573
56930271
202847226
202847197
4679467
55324334
55324262
91466580
48828227
214442805
62062924
251196990
251197217
251197251
125192483
125192339
125192462
60100989
60100774
125230104
226872236
153373467
153373529
153373598
167060647
167060733
169017514
21457569
21457466
144443084
213271532
6401332
141805491
22404308
63547199
63547171
63547256
63547250
106780357
106780310
49713883
37511797
78017780
5480980
17015152
163565396
163565429
163565496
36605422
13546326
11972467
50197355
50197644
169327292
22429044
22429274
22429124
62415995
298082504
298082627
298082468
298082534
162822752
162822788
162823104
162822817
22952214
24557261
180171012
121241431
multiple
222135246
222134965
222134910
51443123
multiple
multiple
multiple
170377897
170377910
170377859
162222117
19837545
19837491
48775838
34586816
34586858
34586850
23874393
23874474
139381999
12075777
142135761
142135807
162531108
162531294
131576099
131576037
104237592
104237516
104237687
169265448
163572301
18240488
57933548
148408488
2527199
2527379
216832881
216833018
240769180
123932505
187495401
187495335
187495476
187495431
21624035
124027590
206889384
206889649
206889455
80533898
80534176
80534244
206665028
206664914
206664777
92862674
92862265
26982383
unknown
unknown
61763079
73140552

129048317
160173922
92705503
147384958
62407447
185989508
84518272
84518305
59789931
59789965
multiple
multiple
multiple
87911166
165094873
83913342
183706112
67283995
67284085
280215146
280215196
4180789
145912535
1882847
1882706
1882683
53357515
189138110
10429605
69079684
114589965
114589552
293632755
66131744
66131678
103665461

226884613
169524428
207125619
207125810
207125505
166182794
166182700
25192009
129730703
189467910
32583345
32583282
133818011
17646117
17646056
17645938
17645859
224518576
224518818
123175449
68803444
161516074
228991006
228991012
258064025
168637658
214263400
1081781
1081791
244992844
920922
146670143
88863284
28318787
165518207
273531917
2852810
128552748
95897171
159897914
61492543
61492683
117797175
192778685
68476007
140524287
140524105
140523988
150709580
150709624
147302259
147302331
201957482
60767943
60767994
60767888
142854665
142854744
186070362
186070557
38352327
9300391
9300541
126415640
34889509
34889489
162159968
19461458
19461323
106632816
106632820
106632849
47923897
180274135
180273993
180273983
20029747
20029738
19252475
19252762
19252371
222114627
222114560
68322875
21771297
21771433
34326335
34326561
167939710
44606596
44606521
172692287
200813312
148711030
217329679
217329647
173687507
131092323
287641039
17653885
169067788
169067986
25965887
25965933
155258569
unknown
220857872
4430055
4429897
13058813
13058709
37421825
134850306
187225194
187225134
187225116
945545
94285743
144466218
144466196
25035236
160467612
34077450
75728833
157152608
144884172
71120220
71120324
71120376
56454240
multiple
multiple
multiple
185103471
185103474
194250329
245653184
14721554
151993489
151622827
16264730
3205252
173860756
128180206
38941090
143676107
98507715
2848110
148401074
148401263
4244157
unknown
133757006
106620017
146470580
146470644
231037305
231037244
231037458
11414308
11414383
11414423
11414470
201790247
115257234
139753
139810
102663772
102663629
102663486
243222842
243222845
198534153
198534192
198534067
150749370
171364514
6784084
76419367
285977254
285977327
115280978
64413079
64413280
3194673
3194670
20837504
20837292
20837423
unknown
unknown
88604674
96216125
96216463
129384587
31695569
31695534
19292988
3873152
3873116
25335322
25335362
248503298
14354166
14354237
140541768
140541669
81808425
168443677
168443701
201295597
6121326
215393350
215393294
215393400
215393136
215393255
159619959
165724924
69840279
11992708
173094139
173094351
65742112
65742301
65742041
44359301
44359430
44359547
145827611
145827685
145827559
28596680
188293932
137629283
137628516
7602160
91651999
9243581
9243719
167014816
83064659
83064683
21811793
21811770
240574247
240574418
115392917
286642571
286642715
153293139
153293180
153293452
153293454
193296408
193296367
4766694
unknown
31946186
31946045
190229872
190229809
37328339
152631991
152631890
144141536
210890886
210890712
47028353
unknown
20201009
43936126
22002548
22002659
22002625
36548526
36548480
36548602
153293324
159808188
209957849
209957628
56389457
56389507
56389557
106631676
106631769
180804966
180807590
180805978
180806519
180806661
180806934
180807207
180807381
47926730
47924645
47926413
47926345
47926037
47925467
47925355
47925282
47925244
162157784
162158231
162158331
162158551
162158783
162159069
162159272
162159448
80011012
80011658
34889155
34889189
68477778
68478278
68478548
233401171
233401008
44555242
44554995
21137213
21136819
21137286
140493174
129381947
145056736
145056593
145056896
276161977
276161539
276162208
276161562
33043784
6960836
6960673
6961472
6960889
156289818
156289793
122796119
122796274
122796096
21135254
21135142
184587467
2081333
44553828
188047739
188047770
122795391
122795343
122795421
122795210
157472833
157472883
157473046
43923473
43923377
127435474
127435303
104898621
104898467
104898624
104898656
104898448
80010049
80010397
43923270

131405995
142271047
142271439
156289504
63417714
63418190
63418034
63418171
26661507
26661490
26661424
202135418
84002430
131405904
131405350
188047850
188047803
188047932
188048031
88120483
88120268
161518116
161518065
165994896
165994893
165994838
104938513
83959651
83960023
43580042
43580066
43580106
157104
194643852
194643970
24028795
24028867
24028611
134034875
134034686
134034407
68420111
68419601
68419948
68419832
146239224
60776323
60775971
60964602
60964409
60964310
119741405
82511779
164419435
164419373
192865132
192865213
192864975
63234203
63234310
63234263
15335449
15335531
15335577
3376330
3375911
161167790
161167688
270363945
270363859
157318000
157318250
157318105
161572452
161572823
163618708
163617500
132084997
132084452
132084516
132078067
132079305
132079328
132079083
132078952
133484983
133484968
133482411
195724313
4912321
4835690
4836270
4835949
4836190
4835540
4835472
4835596
233129138
233129091
233128502
22274672
22277128
22276752
177974968
177975924
177976199
177975706
23005432
158733284
158733225
158733204
158733124
158727917
158728045
158727996
158729405
158729314
158729616
158728965
16960436
16960510
16960633
193880141
unknown
unknown
264795088
265199449
132735656
132735191
132735518
238902054
291833791
291833188
291834351
291833767
104898544
104899119
104899269
3375254
146599154
146599484
69427796
69427885
69427985
69439911
69439550
69439961
69439376
unknown
unknown
unknown
unknown
unknown
unknown
unknown
214841045
214840985
214840411
214841109
41189019
41198386
41196048
264847517
264847469
264847429
264849536
163617892
163617645
4912526
4835658
233128584
unknown
unknown
unknown
12543294
16966348
